0 4 1000000 0 401101
0 30 1000000 0 801301
0 37 1000000 0 701301
0 0 1000000 0 0
1 13 1000000 0 701301
1 11 1000000 0 701101
1 33 1000000 0 401301
1 37 1000000 0 701301
2 12 1000000 0 401301
2 38 1000000 0 601301
2 3 1000000 0 401101
2 23 1000000 0 401301
3 1 1000000 0 801101
3 28 1000000 0 401301
3 1 1000000 0 801101
3 17 1000000 0 601301
4 34 1000000 0 401301
4 17 1000000 0 601301
4 37 1000000 0 701301
4 28 1000000 0 401301
5 5 1000000 0 0
5 12 1000000 0 401301
5 10 1000000 0 501101
5 28 1000000 0 401301
6 29 1000000 0 601301
6 37 1000000 0 701301
6 35 1000000 0 401301
6 26 1000000 0 701301
7 30 1000000 0 801301
7 1 1000000 0 801101
7 37 1000000 0 701301
7 26 1000000 0 701301
8 23 1000000 0 401301
8 34 1000000 0 401301
8 26 1000000 0 701301
8 29 1000000 0 601301
9 6 1000000 0 401101
9 20 1000000 0 401301
9 26 1000000 0 701301
9 10 1000000 0 501101
10 10 1000000 0 0
10 29 1000000 0 601301
10 25 1000000 0 701301
10 12 1000000 0 401301
11 9 1000000 0 701101
11 27 1000000 0 601301
11 29 1000000 0 601301
11 3 1000000 0 401101
12 4 1000000 0 401301
12 18 1000000 0 401101
12 31 1000000 0 401301
12 1 1000000 0 801301
13 22 1000000 0 401101
13 33 1000000 0 401301
13 30 1000000 0 801301
13 3 1000000 0 401301
14 30 1000000 0 801301
14 25 1000000 0 401301
14 29 1000000 0 601301
14 20 1000000 0 401101
15 18 1000000 0 401101
15 26 1000000 0 701301
15 6 1000000 0 501301
15 1 1000000 0 801301
16 13 1000000 0 401101
16 24 1000000 0 401301
16 22 1000000 0 401101
16 11 1000000 0 701301
17 4 1000000 0 401301
17 8 1000000 0 401301
17 21 1000000 0 401101
17 7 1000000 0 401301
18 29 1000000 0 601301
18 7 1000000 0 401301
18 11 1000000 0 701301
18 38 1000000 0 601301
19 26 1000000 0 701301
19 32 1000000 0 401301
19 33 1000000 0 401301
19 30 1000000 0 801301
20 2 1000000 0 401301
20 16 1000000 0 401101
20 23 1000000 0 401101
20 24 1000000 0 401301
21 9 1000000 0 701301
21 13 1000000 0 401101
21 27 1000000 0 601301
21 39 1000000 0 401301
22 30 1000000 0 801301
22 9 1000000 0 701301
22 11 1000000 0 701301
22 0 1000000 0 401301
23 35 1000000 0 401301
23 17 1000000 0 401101
23 34 1000000 0 401301
23 0 1000000 0 401301
24 2 1000000 0 601301
24 16 1000000 0 401301
24 11 1000000 0 701301
24 38 1000000 0 601301
25 25 1000000 0 0
25 25 1000000 0 0
25 37 1000000 0 701301
25 14 1000000 0 601301
26 24 1000000 0 401101
26 8 1000000 0 401301
26 5 1000000 0 401301
26 10 1000000 0 501301
27 32 1000000 0 401101
27 38 1000000 0 601301
27 32 1000000 0 401101
27 34 1000000 0 401101
28 15 1000000 0 501301
28 15 1000000 0 501301
28 10 1000000 0 501301
28 24 1000000 0 401101
29 29 1000000 0 0
29 30 1000000 0 801101
29 16 1000000 0 401301
29 11 1000000 0 701301
30 39 1000000 0 501301
30 27 1000000 0 601101
30 12 1000000 0 401301
30 26 1000000 0 701101
31 37 1000000 0 701301
31 6 1000000 0 301301
31 27 1000000 0 601101
31 31 1000000 0 0
32 22 1000000 0 401301
32 30 1000000 0 801101
32 21 1000000 0 401301
32 7 1000000 0 401301
33 15 1000000 0 501301
33 19 1000000 0 401301
33 14 1000000 0 601301
33 39 1000000 0 501301
34 19 1000000 0 401301
34 11 1000000 0 701301
34 9 1000000 0 701301
34 4 1000000 0 401301
35 9 1000000 0 701301
35 1 1000000 0 801301
35 38 1000000 0 601301
35 16 1000000 0 401301
36 9 1000000 0 701301
36 1 1000000 0 801301
36 33 1000000 0 401301
36 38 1000000 0 601101
37 31 1000000 0 401301
37 1 1000000 0 801301
37 9 1000000 0 701301
37 22 1000000 0 401301
38 28 1000000 0 401301
38 21 1000000 0 401301
38 8 1000000 0 401301
38 17 1000000 0 401301
39 27 1000000 0 601301
39 27 1000000 0 601301
39 8 1000000 0 401301
39 10 1000000 0 501301
