0 4 1000000 0
0 30 1000000 0
0 37 1000000 0
0 0 1000000 0
1 13 1000000 0
1 11 1000000 0
1 33 1000000 0
1 37 1000000 0
2 12 1000000 0
2 38 1000000 0
2 3 1000000 0
2 23 1000000 0
3 1 1000000 0
3 28 1000000 0
3 1 1000000 0
3 17 1000000 0
4 34 1000000 0
4 17 1000000 0
4 37 1000000 0
4 28 1000000 0
5 5 1000000 0
5 12 1000000 0
5 10 1000000 0
5 28 1000000 0
6 29 1000000 0
6 37 1000000 0
6 35 1000000 0
6 26 1000000 0
7 30 1000000 0
7 1 1000000 0
7 37 1000000 0
7 26 1000000 0
8 23 1000000 0
8 34 1000000 0
8 26 1000000 0
8 29 1000000 0
9 6 1000000 0
9 20 1000000 0
9 26 1000000 0
9 10 1000000 0
10 10 1000000 0
10 29 1000000 0
10 25 1000000 0
10 12 1000000 0
11 9 1000000 0
11 27 1000000 0
11 29 1000000 0
11 3 1000000 0
12 4 1000000 0
12 18 1000000 0
12 31 1000000 0
12 1 1000000 0
13 22 1000000 0
13 33 1000000 0
13 30 1000000 0
13 3 1000000 0
14 30 1000000 0
14 25 1000000 0
14 29 1000000 0
14 20 1000000 0
15 18 1000000 0
15 26 1000000 0
15 6 1000000 0
15 1 1000000 0
16 13 1000000 0
16 24 1000000 0
16 22 1000000 0
16 11 1000000 0
17 4 1000000 0
17 8 1000000 0
17 21 1000000 0
17 7 1000000 0
18 29 1000000 0
18 7 1000000 0
18 11 1000000 0
18 38 1000000 0
19 26 1000000 0
19 32 1000000 0
19 33 1000000 0
19 30 1000000 0
20 2 1000000 0
20 16 1000000 0
20 23 1000000 0
20 24 1000000 0
21 9 1000000 0
21 13 1000000 0
21 27 1000000 0
21 39 1000000 0
22 30 1000000 0
22 9 1000000 0
22 11 1000000 0
22 0 1000000 0
23 35 1000000 0
23 17 1000000 0
23 34 1000000 0
23 0 1000000 0
24 2 1000000 0
24 16 1000000 0
24 11 1000000 0
24 38 1000000 0
25 25 1000000 0
25 25 1000000 0
25 37 1000000 0
25 14 1000000 0
26 24 1000000 0
26 8 1000000 0
26 5 1000000 0
26 10 1000000 0
27 32 1000000 0
27 38 1000000 0
27 32 1000000 0
27 34 1000000 0
28 15 1000000 0
28 15 1000000 0
28 10 1000000 0
28 24 1000000 0
29 29 1000000 0
29 30 1000000 0
29 16 1000000 0
29 11 1000000 0
30 39 1000000 0
30 27 1000000 0
30 12 1000000 0
30 26 1000000 0
31 37 1000000 0
31 6 1000000 0
31 27 1000000 0
31 31 1000000 0
32 22 1000000 0
32 30 1000000 0
32 21 1000000 0
32 7 1000000 0
33 15 1000000 0
33 19 1000000 0
33 14 1000000 0
33 39 1000000 0
34 19 1000000 0
34 11 1000000 0
34 9 1000000 0
34 4 1000000 0
35 9 1000000 0
35 1 1000000 0
35 38 1000000 0
35 16 1000000 0
36 9 1000000 0
36 1 1000000 0
36 33 1000000 0
36 38 1000000 0
37 31 1000000 0
37 1 1000000 0
37 9 1000000 0
37 22 1000000 0
38 28 1000000 0
38 21 1000000 0
38 8 1000000 0
38 17 1000000 0
39 27 1000000 0
39 27 1000000 0
39 8 1000000 0
39 10 1000000 0
-1 -1 -1 -1
