0.907783
0.811589
0.880754
0.135610
0.175459
0.662918
0.252402
0.776473
0.831141
0.021792
0.190113
0.403977
0.614401
0.885308
0.025229
0.591699
0.930592
0.265648
0.942001
0.054848
0.217917
0.018086
0.003801
0.618251
0.775937
0.588645
0.267978
0.204115
0.641012
0.363280
0.352282
0.282828
0.667439
0.519669
0.961628
0.301228
0.831147
0.922444
0.915716
0.358879
0.607393
0.250180
0.238803
0.999169
0.482959
0.580906
0.358438
0.644400
0.676703
0.882738
0.134687
0.179821
0.862726
0.228086
0.191038
0.205361
0.981493
0.537363
0.438980
0.548666
0.722824
0.597385
0.856295
0.801684
0.095198
0.068040
0.099702
0.699374
0.823789
0.048393
0.837654
0.522250
0.568866
0.918810
0.284933
0.361623
0.319093
0.276961
0.975208
0.556860
0.525057
0.465138
0.105750
0.852144
0.452713
0.421243
0.214017
0.287892
0.604420
0.865144
0.358892
0.994252
0.215425
0.534731
0.590391
0.054662
0.979658
0.781219
0.547484
0.155864
0.854182
0.692666
0.073397
0.588695
0.451407
0.511280
0.813750
0.572471
0.564593
0.513752
0.636849
0.937912
0.002564
0.134986
0.072501
0.298005
0.147267
0.280285
0.007809
0.223125
0.451320
0.379379
0.343179
0.917525
0.386449
0.137503
0.418450
0.823915
0.269169
0.944400
0.751649
0.535269
0.051450
0.302472
0.708666
0.188285
0.199517
0.070743
0.247559
0.366982
0.553115
0.180100
0.185708
0.933782
0.288925
0.679326
0.188705
0.601025
0.376043
0.076370
0.483147
0.199166
0.335868
0.022857
0.004321
0.709251
0.794934
0.183310
0.985845
0.313541
0.299232
0.310058
0.362383
0.137571
0.709559
0.636786
0.605998
0.004311
0.290209
0.062118
0.653285
0.308969
0.202885
0.032316
0.565107
0.399118
0.738752
0.137060
0.585805
0.476682
0.696330
0.266177
0.975715
0.849747
0.197644
0.204738
0.548486
0.449887
0.048951
0.567637
0.530753
0.925782
0.239845
0.735817
0.338044
0.728356
0.819549
0.046742
0.927160
0.335519
0.518532
0.039983
0.656827
0.174453
0.518158
0.343506
0.509732
0.556484
0.403713
0.001327
0.193568
0.091231
0.008686
0.437900
0.427515
0.891937
0.350979
0.780513
0.910917
0.369283
0.504369
0.950826
0.675812
0.344537
0.465591
0.507554
0.903672
0.384811
0.563099
0.894492
0.736658
0.381633
0.165515
0.641040
0.830983
0.963924
0.315987
0.475799
0.303102
0.403681
0.677979
0.716189
0.467385
0.732965
0.940113
0.817529
0.563118
0.071459
0.661333
0.136879
0.448039
0.803482
0.048242
0.566391
0.658142
0.940955
0.018167
0.615192
0.327575
0.102556
0.476563
0.487214
0.472448
0.591771
0.267326
0.788105
0.882522
0.116397
0.943609
0.474272
0.938953
0.252231
0.305365
0.251407
0.762565
0.771893
0.134031
0.435718
0.296081
0.147738
0.973360
0.355441
0.615266
0.387069
0.528153
0.106305
0.222237
0.280986
0.658535
0.466149
0.011527
0.244038
0.927850
0.492793
0.714363
0.885907
0.919084
0.160561
0.480446
0.859133
0.159240
0.244987
0.713865
0.209937
0.613427
0.158462
0.087019
0.331228
0.206357
0.842142
0.737196
0.590504
0.258881
0.163956
0.637571
0.690253
0.395989
0.643538
0.426696
0.634198
0.919548
0.901530
0.318282
0.799915
0.590256
0.781709
0.135769
0.102400
0.256973
0.768639
0.238815
0.020311
0.520465
0.525854
0.513785
0.026107
0.953885
0.806286
0.300613
0.382915
0.644023
0.112287
0.461693
0.068530
0.065409
0.071328
0.771204
0.590052
0.151406
0.499281
0.993779
0.470367
0.444696
0.935730
0.554279
0.412639
0.919486
0.284589
0.852447
0.472014
0.926848
0.967921
0.970865
0.864242
0.103980
0.983695
0.460196
0.512244
0.464874
0.679730
0.396434
0.742863
0.706463
0.048552
0.461392
0.438334
0.991597
0.417320
0.168821
0.248361
0.824300
0.527459
0.087894
0.307314
0.206417
0.339666
0.767590
0.095976
0.041406
0.511265
0.145441
0.180207
0.683916
0.069607
0.319574
0.245258
0.250078
0.814949
0.718791
0.276579
0.571294
0.001377
0.276194
0.929973
0.111485
0.052082
0.330946
0.862506
0.809042
0.769667
0.590004
0.302558
0.169510
0.898071
0.551730
0.563828
0.480128
0.600453
0.943868
0.456502
0.538524
0.740146
0.532098
0.109978
0.011864
0.145065
0.859015
0.791306
0.374422
0.823125
0.214725
0.270368
0.500205
0.256690
0.873580
0.131068
0.069993
0.052459
0.100724
0.433082
0.618689
0.095696
0.029249
0.370993
0.212587
0.506670
0.385836
0.404339
0.722673
0.619881
0.795500
0.959748
0.649377
0.219175
0.115063
0.534046
0.952243
0.820993
0.290313
0.902300
0.092907
0.572889
0.341588
0.668050
0.667928
0.750010
0.107415
0.189683
0.644709
0.946678
0.420614
0.172796
0.590775
0.223215
0.627134
0.077149
0.087906
0.742018
0.616880
0.065490
0.977538
0.005538
0.764776
0.256641
0.508065
0.342241
0.194570
0.943795
0.544040
0.059780
0.908235
0.370359
0.900556
0.223783
0.427526
0.048463
0.019741
0.717879
0.396304
0.290823
0.681269
0.563968
0.428328
0.818312
0.088450
0.202132
0.488184
0.245075
0.162864
0.344199
0.706691
0.389258
0.636516
0.647778
0.412884
0.481286
0.540352
0.483032
0.087073
0.572544
0.154301
0.403124
0.175747
0.661518
0.052213
0.551166
0.771726
0.917168
0.421332
0.346731
0.220528
0.918962
0.590384
0.131868
0.269641
0.849712
0.801966
0.434980
0.931149
0.318540
0.601950
0.066508
0.423685
0.955588
0.342935
0.402685
0.849195
0.265630
0.832587
0.603176
0.801892
0.477573
0.838608
0.476753
0.397937
0.431183
0.640828
0.396562
0.425083
0.686394
0.713766
0.128018
0.193568
0.524757
0.496596
0.109804
0.885709
0.252719
0.482094
0.108028
0.136183
0.651168
0.600693
0.240301
0.277101
0.430045
0.655643
0.384800
0.222617
0.547398
0.847733
0.636261
0.514971
0.555073
0.356586
0.493968
0.911527
0.368081
0.110016
0.567332
0.333532
0.298174
0.742016
0.668618
0.650893
0.458857
0.600777
0.707095
0.361095
0.933551
0.393536
0.885383
0.920444
0.557801
0.973614
0.388208
0.506808
0.278782
0.763068
0.385067
0.547827
0.504049
0.833765
0.790364
0.239520
0.020665
0.645487
0.865249
0.090123
0.604946
0.091697
0.290508
0.535976
0.115621
0.396288
0.346424
0.464787
0.140446
0.062749
0.779725
0.798404
0.461588
0.546324
0.400152
0.356070
0.874356
0.771630
0.250380
0.397467
0.410276
0.228336
0.575005
0.783183
0.551220
0.284914
0.564690
0.083682
0.789199
0.128008
0.628285
0.402756
0.326077
0.613257
0.429370
0.044573
0.795204
0.947621
0.740957
0.111552
0.298261
0.673096
0.751129
0.544045
0.555487
0.109981
0.153623
0.839648
0.946794
0.036092
0.847186
0.984036
0.587169
0.955765
0.924491
0.057292
0.549007
0.227873
0.792158
0.219446
0.462337
0.394533
0.629695
0.110737
0.782848
0.740672
0.121156
0.655789
0.921288
0.479605
0.718432
0.761837
0.263416
0.416153
0.072976
0.696044
0.899170
0.632412
0.387366
0.639021
0.252651
0.075666
0.348893
0.269454
0.730946
0.287674
0.127300
0.296112
0.075162
0.388713
0.532911
0.840376
0.864665
0.774263
0.832972
0.876344
0.160704
0.772642
0.821673
0.381290
0.009412
0.993451
0.480957
0.721957
0.518465
0.890983
0.991561
0.196084
0.541626
0.252797
0.663439
0.470352
0.177525
0.916381
0.199048
0.582824
0.004573
0.988981
0.548506
0.602280
0.572243
0.378527
0.219811
0.590485
0.217073
0.571589
0.528619
0.508145
0.683866
0.900856
0.995515
0.260747
0.533194
0.887004
0.819736
0.236365
0.144418
0.470345
0.348113
0.998616
0.736861
0.210640
0.743589
0.546694
0.688842
0.146634
0.073602
0.142563
0.760361
0.173136
0.427801
0.888240
0.812082
0.076115
0.589566
0.803811
0.432362
0.446558
0.493473
0.130815
0.235883
0.020450
0.222717
0.644354
0.086394
0.414766
0.196679
0.368606
0.313057
0.277193
0.445837
0.979201
0.358753
0.605839
0.710087
0.056042
0.447782
0.550076
0.469702
0.469282
0.698185
0.860318
0.130731
0.789511
0.347291
0.914017
0.519579
0.699054
0.024392
0.838709
0.781310
0.219546
0.596340
0.685539
0.775618
0.684965
0.865735
0.740905
0.762618
0.470401
0.562562
0.181726
0.762684
0.116191
0.662150
0.001243
0.077913
0.288530
0.852000
0.700206
0.280827
0.709919
0.409806
0.774526
0.859892
0.026725
0.324127
0.352738
0.443474
0.037398
0.570689
0.924225
0.747245
0.532929
0.933742
0.433571
0.500531
0.177029
0.396865
0.354541
0.933726
0.830353
0.387138
0.820252
0.142238
0.682240
0.317856
0.179449
0.776804
0.572121
0.845865
0.776124
0.829782
0.415814
0.077081
0.206962
0.173634
0.362251
0.131061
0.785142
0.559305
0.032045
0.615200
0.696512
0.363971
0.130372
0.084636
0.681122
0.402828
0.041494
0.068624
0.650529
0.824186
0.695750
0.087528
0.923526
0.158953
0.710730
0.064169
0.096209
0.007640
0.833122
0.081414
0.763649
0.141046
0.947669
0.345148
0.979192
0.034252
0.841497
0.171017
0.670112
0.548180
0.291876
0.876786
0.344733
0.366521
0.692554
0.337444
0.284333
0.273412
0.040508
0.662937
0.450974
0.712143
0.616097
0.141358
0.311756
0.572599
0.784300
0.550625
0.523102
0.362946
0.644758
0.977041
0.208389
0.333130
0.612893
0.960555
0.085571
0.603076
0.870558
0.443942
0.175728
0.460132
0.277862
0.939021
0.716766
0.428189
0.186322
0.400336
0.149660
0.527462
0.782573
0.733558
0.701178
0.243648
0.473402
0.053918
0.609412
0.188801
0.982720
0.420465
0.553358
0.153053
0.915305
0.416208
0.364110
0.461543
0.944409
0.586834
0.308627
0.767367
0.784073
0.182559
0.042629
0.732819
0.514635
0.057325
0.987031
0.314465
0.371023
0.603411
0.187933
0.211986
0.364389
0.312670
0.668054
0.673332
0.738893
0.940906
0.977844
0.286453
0.559632
0.483897
0.374313
0.461135
0.694314
0.606757
0.881718
0.611153
0.912904
0.530088
0.660936
0.900228
0.303750
0.957299
0.800722
0.927956
0.110143
0.197530
0.643617
0.974156
